image: 0607_P.pgm
resolution: 0.025000
origin: [-2.500000, -12.900000, 0.000000]
negate: 0
occupied_thresh: 0.65
free_thresh: 0.196

