image: 0716_cat.pgm
resolution: 0.050000
origin: [-1.284107, -4.129899, 0.000000]
negate: 0
occupied_thresh: 0.65
free_thresh: 0.196

