image: 0716_1.pgm
resolution: 0.040000
origin: [-2.327465, -4.163555, 0.000000]
negate: 0
occupied_thresh: 0.65
free_thresh: 0.196

