image: map2021616_PP.pgm
resolution: 0.040000
origin: [-0.990000, -12.510000, 0.000000]
negate: 0
occupied_thresh: 0.65
free_thresh: 0.196

