image: map20210519.pgm
resolution: 0.040000
origin: [-2.520000, -12.760000, 0.000000]
negate: 0
occupied_thresh: 0.65
free_thresh: 0.196

